Id,SalePrice
2658,54320.281059748886
2718,140042.04893762595
2414,235506.60290809383
1989,100209.5144397547
625,165742.2568220742
333,97477.44250665989
1327,103841.49911741185
858,171011.59112947172
95,161612.7910877068
1568,139667.4857294572
2482,135599.0360098313
1364,112778.64255540716
2584,148307.506462368
818,255570.57668349153
2673,140854.21912287778
2089,137950.283231985
1297,174930.02466415882
790,131940.84990343516
2616,161576.50780899965
720,164107.62536922254
222,184137.70646845363
557,131331.45782589342
1148,141166.16868193235
2766,177689.53596370327
534,162068.4018961367
1452,143006.4126345135
630,144980.41547994834
2648,135374.09499856006
125,188382.5227022632
1904,82309.60719360999
1670,114823.07055975124
756,123441.3523742831
717,151719.1243276814
1032,154167.10384392526
852,215127.05443056312
1731,184619.51279231723
2639,103508.40097725525
2071,70345.11552711646
1267,133524.91205209738
1851,197251.45653383146
567,189229.08625616363
2439,201991.79961613953
1898,132436.67696640687
647,157919.41287476214
2256,178305.1586553276
979,96169.00694262852
1444,232250.09213787562
2485,145657.9233733236
157,134751.5725070162
88,122242.8854352492
2003,102114.26871817047
186,133296.360371096
1425,210084.92764601062
2695,132705.96536695573
738,147035.47010681446
395,145916.64091208414
1353,148863.24432086363
1878,148045.0739124204
390,180242.53056050878
1456,223622.05235098832
1103,302528.738362498
1387,98814.41062108931
2070,155285.98341448835
1199,165120.54473543508
2479,195735.41495736226
501,322664.29416028253
2362,107711.0872477379
1718,220156.61809669025
2188,140524.0632112582
1483,198714.73384153805
2557,132692.55992973346
437,374044.4944028089
2224,190211.9734192028
1628,162827.9047480929
397,153579.9189146174
587,184444.96345038665
971,168101.36693165725
2611,123229.32196615585
1887,120149.85431381644
2399,443509.21174436156
2148,193769.88350228197
304,123813.25369963354
1997,172351.29567725246
2817,148540.84506167576
1431,238883.4747930234
427,389906.2897852813
263,128229.32933638952
598,184069.0029200067
2895,226368.62364707247
687,113967.07525347635
1822,135423.97914118436
2191,85162.07005505453
179,111681.57368279065
1009,245534.92323945236
2010,125866.74037266396
1991,157583.61200286483
1411,165219.92812640988
1721,215571.3796671894
1144,198948.1149771443
593,211973.8249803577
575,393188.12244047545
1249,156745.55667061382
1604,149760.93085881288
1064,451787.5710173438
1923,155173.44439510815
1988,122072.77546454017
2325,196164.02607751542
114,201558.35320534516
2700,123965.65339914642
217,98621.76999904816
343,163389.33495586485
386,225471.057042286
2005,134530.09405724902
2908,129921.76133742962
1814,221455.64862694242
2446,392023.1089006737
208,122138.87139278244
1679,92859.98667607232
822,374870.7513757531
6,205911.45704131058
1781,407839.32290361845
2397,323854.09901796415
2340,329100.5201764794
1618,193023.66216685678
2843,191850.81296672302
1061,361116.508563768
2786,164144.47460678525
1935,131391.30055302844
1341,144439.82112778036
521,235915.93174822183
2136,152360.4936085397
996,229483.72640643906
227,174348.1445030868
135,198480.0360480253
1167,158457.15819951534
294,221970.66674045587
1776,206644.68000282513
540,140904.26530254906
1717,233494.3432762758
2303,142379.70332837422
116,191492.68993792977
127,159281.2099521649
1371,125365.95207839704
1014,148576.2972195147
1507,114595.09756868315
702,129896.27759348569
750,117485.96009275856
261,170433.62865773425
1559,53845.64537743901
577,197859.42514116253
2812,187883.98872113082
2080,140901.45215386734
1368,108819.9558743201
2376,98766.99761477187
659,116488.34493740136
1235,143966.01381470426
332,77436.29990364298
1917,134455.41383336383
2094,256147.86172519892
1460,215569.3800524558
1471,250803.5421416624
1509,126013.90130925036
1922,128872.15426605075
433,448700.31264905445
460,325447.82142715226
1116,231617.2001299243
1137,145476.7815316976
53,171199.1364906268
2354,258645.46664549716
1475,198207.6287522129
1761,367987.8536296188
842,151274.3235937905
2739,180190.40322942167
2509,154607.25066792878
1007,209513.30618764044
2610,162695.530728639
1952,139517.08749700658
2719,142507.49290312827
2921,76887.08375341273
1966,150295.2738781417
292,137372.8760411807
1204,182483.93700252625
1829,256571.23480543247
2419,191887.66188591407
391,172272.50550117187
798,92349.17231522469
481,216917.2049931367
193,170592.95652995334
555,119705.88350940739
899,72626.11482769834
2357,192115.75231730822
328,141860.9775575876
1356,101032.24555445884
1154,131237.67902137653
1730,203375.69299778668
2249,186478.5757728873
1119,297448.89286900935
2856,147770.26670029352
1394,106168.54266291801
2587,108867.11388171467
61,348384.0723883412
2661,124315.99395156046
2711,146173.7186560754
1147,189111.74873872535
757,159826.18792753576
2623,122634.43278871191
2378,166386.90725023276
1413,133571.95993636872
1722,222535.44067177715
1112,260718.8554071628
1623,185295.03684913414
1201,272573.9303193905
1513,132004.63170489733
957,234348.70216754515
1171,235536.2637784397
1145,199539.68288828636
2726,190402.46500038798
703,130695.29099454786
760,127896.83933614475
1964,177953.62987630922
2512,195415.29867972233
159,132627.80775787614
1281,171889.11351349278
468,219036.5514159167
290,140323.4902143149
665,100458.50282562562
1463,215353.82202001105
1792,209187.05125382275
923,166809.50585486394
500,285243.06141580874
1408,143825.2599328272
331,79707.67204921365
170,166509.76000025528
2192,109556.80689691294
2571,195866.259711089
2314,194492.0005086143
2647,85546.12447375854
422,437588.6940812509
2457,338389.8752215294
1838,212384.75699487247
2805,281625.9842521395
1645,163256.25818492647
1711,312824.7171486776
2825,238710.85482821384
322,326963.6649544593
2103,223422.65282559616
342,119264.09795169727
600,116042.15560669602
488,179433.2689445048
1725,342068.1353705643
2246,267823.4406688471
2847,154812.8834544132
806,224888.69249344248
530,232956.6488962139
963,190294.06554170247
2678,109284.48214292181
171,102947.01794961069
2401,450783.49840365036
805,231296.5462493532
2259,183432.02778754669
1748,199031.85730245523
1361,123509.63918024908
1677,102301.93843759115
1406,169418.09186501306
2322,252228.75442317233
688,136681.37005039526
143,128225.66197780905
804,217376.63508106628
1214,280448.05121591775
2828,125960.78901700223
1999,177213.66361484778
2467,220800.2459057605
2665,138640.56656845284
1538,212843.0757300749
398,119426.84936437404
2822,128738.22839381185
2157,152997.76364997943
1856,242640.73076269537
1269,113472.33700406927
2570,116474.49592130058
2320,214187.9302007387
1517,109279.3493761521
2304,131926.12126260408
1312,123482.4202452405
2012,160555.76403877375
506,297037.18360569957
2865,182978.69348267379
2367,96959.83477622531
554,95364.76314923076
238,121945.9888743396
1954,132050.8960397774
2488,106696.07985520683
2291,92547.79211959278
1969,142335.5056782184
2725,202724.3821405028
1482,170809.68690726304
2763,198805.71331777348
503,304513.4985749451
1584,273652.0875150391
1531,195806.95550774474
2210,202716.49962455925
459,364488.79733982607
556,121470.97718843781
1347,119036.67550444324
1290,103693.68263009656
1388,104890.0218662994
1571,210351.3406642112
2754,210759.2925474124
765,164777.74266904232
2494,130915.10835833971
2870,213743.4859589478
7,233720.9180948
1114,259319.51605562936
2418,233706.40270672843
291,100071.36456847246
18,412873.2447339105
39,428641.9958982717
1001,344161.58316482947
2442,208901.64499557755
616,154234.98517137577
2680,91118.8214441427
1414,130803.29137661426
289,183710.97108379708
40,249679.26656196828
860,133523.76586635388
409,127666.22774743135
673,134735.97260213157
2427,212441.90860448737
2036,180213.2784096678
2564,151839.1403542461
642,141864.60364973123
1008,185831.93372724482
1908,140518.22266940397
2519,199861.95950852538
1369,81930.70797111967
2855,155512.6019707372
712,108182.90411998908
1943,107890.93449037109
1958,125681.69635450229
107,188023.31492381005
2295,173281.196189599
704,94420.89369325306
676,192974.50747932753
259,191390.17686218198
93,294496.69738467055
106,249453.05645319956
2315,171243.18460015178
1050,126340.71678666418
1095,219468.25302331374
2709,170793.64354131342
758,128472.63962044794
1496,186648.45384783877
2370,105337.85759838538
2458,303078.28406919143
2733,154605.872153318
161,201548.56482002288
726,145377.22642194768
845,200675.14407113224
947,225317.23760333675
2232,111181.63156025606
2563,127952.73528494086
2299,120221.06223560151
211,108835.98748459588
605,125953.83738796978
1478,204194.00084043058
2247,252227.26157674668
2274,222744.99430218912
2869,215783.84707504662
967,200040.18758945615
2656,127944.12248682952
667,145199.4760318677
1042,102050.34863482922
2023,167183.3128922428
2447,371878.8609704338
2055,132902.1231888332
2275,312737.4677053456
2204,196441.2254332919
1563,282923.9488343089
483,206118.91485592377
796,120321.61190598313
1526,164273.77981198233
2042,129029.13534048857
442,400055.5546630549
1693,350757.6642802608
1468,226248.87783833014
1430,213705.84105293668
2605,123092.73831923978
1529,199342.4301569053
335,137149.26880816405
1287,99004.9999280638
31,104411.40144784794
1785,400178.26167786703
82,167906.79236528435
2620,120642.57979232998
252,161041.45953271966
721,84783.58807077404
2165,205507.61981204082
2316,196432.08863218466
775,142482.1068815094
1558,66872.96003421328
17,165086.0048332411
1022,220642.79424289046
925,159324.8003846196
438,286205.10537874274
1270,132059.14230208404
1272,144259.7098508833
215,135792.31768589185
266,242191.83538958774
2402,327269.5964960805
1250,115871.2875548654
1984,102735.52216097472
1279,145193.46949997422
377,209056.35216005202
1252,96263.83259166901
2156,227050.24585957886
499,323993.4260293428
1374,140885.8293563433
2898,189456.77183350356
401,112191.77499052913
2721,151679.02314451121
2078,207649.10999316964
2589,122947.1650419952
1946,141271.13925360015
1334,122988.20309879494
2781,203279.94684883242
431,408594.4136813329
576,195244.86116095458
1474,204259.89315340604
2254,167769.51762015556
2155,250700.60919928187
885,98621.8552769573
643,163393.87876195158
1944,127759.64138185466
480,200962.76187200437
2845,91143.12673704859
2387,314666.11085757497
2407,214989.03755317256
2527,187784.37796982724
2514,150231.54420004037
629,110867.64036913864
80,179208.60789769466
1876,138675.3351241336
1546,115789.03289289496
2518,210880.02843200535
2347,189416.9345693827
783,210927.8803195552
1322,79495.74405571062
194,94164.29966063362
1770,307663.72338507045
2143,158443.6891727645
1229,224411.33933590289
511,253324.74429576303
46,234480.89154171653
1348,143957.32802034772
2465,219407.97159611434
387,258239.1767792977
873,223459.19640584034
1918,112457.14486477952
2764,226878.3716691177
2184,103485.34346167647
934,147398.18160408706
1920,120317.24852817322
2631,164187.76354656377
1768,567776.4768711561
2040,113364.48612271268
1749,209295.73761173908
834,260078.88502234267
1457,209608.01333920626
79,99417.9372076544
2302,165365.5408928431
1817,138085.973797746
2755,215612.85812054446
359,197031.4225072148
2059,124298.07415203366
2092,202243.27230810624
2516,230802.76419092587
150,82270.25928514684
1656,130539.03714777526
83,117563.78782781813
2411,206845.11262097216
795,105683.07956370656
2312,191645.0671666063
2917,128463.38167519523
1624,175248.45864688704
2215,217878.71351918808
1211,139746.84732052498
1485,209110.4690880594
1024,188974.64954544252
570,205041.31051404699
2874,158383.1782641583
700,114030.77112863142
2756,184804.00087501275
2022,121735.77606751211
583,226459.9284165809
2392,417417.82847356726
2424,179559.77909819683
212,84944.48214411986
736,125804.0743076145
1610,185686.17673396505
890,126513.81813225381
467,209215.78627694177
578,189860.20851131904
1747,219113.0512880387
1149,139442.04740288097
2758,230458.1141347468
857,176328.47464330733
2219,242662.21776387034
733,67946.46079912402
2909,127574.74184950418
1798,235833.11005757903
235,139070.34007647986
2366,125375.88264554676
1027,141826.3488398732
1195,144267.80190764228
1303,94830.84091424427
148,156291.24316659535
608,141877.66971225356
2515,255978.10202050937
821,298345.7137399233
2500,285094.09969862946
745,112419.24111744238
741,120556.00065566858
1611,143175.8883536851
2532,143433.78565620742
1081,221894.53613107465
1692,464165.67531729524
2520,190844.59981046672
276,79948.6605668863
1992,127103.79639631652
663,62517.26676538428
418,120596.0231889379
1733,210361.14103665474
2359,145019.47916491845
253,194614.07171520757
1518,266968.936160999
2035,137337.9927734799
2919,76094.28610981851
1540,216159.2966151372
2120,166688.326496648
1674,157313.2202689229
256,151419.1242216562
2361,129201.60926473657
978,91863.64964774564
2280,164584.04997023992
2095,234043.6170551796
1709,319254.5260505633
2801,210975.27146080564
1246,149859.76563761453
2373,105489.5144605843
1055,300885.5851239988
2017,137263.1023979965
1099,313138.1483895628
1344,91635.08044023407
835,192564.45180092257
1117,250499.93148362078
2043,117468.03000086005
2085,113911.04585482657
410,142702.33009457565
2650,100428.68968519231
2867,186773.51905342005
1668,123634.0008353164
1161,159914.62004028668
2122,192507.66906826315
2539,146710.07404856913
1047,128833.5615383375
1445,155253.9013721109
541,119803.7949997189
569,200936.80317325995
1276,126942.29397128582
918,172774.89067319807
326,169036.74037560713
1936,142808.64905981757
895,107999.45129660169
257,218530.71224921808
1241,150141.7014954213
1545,118005.12688683804
1189,179494.14631550276
270,148019.3342010902
2066,159641.89972691066
693,132299.21290796562
1259,127281.06907622801
2916,194826.80357814097
2321,260384.13409402734
1977,83157.17990569834
1895,151088.90307790035
1240,170309.4306683654
85,117148.84675073245
1823,111962.39107872761
825,263957.5631659652
110,230464.70180614988
697,116193.6585213996
2297,111484.82586026793
1231,131464.42166098984
1355,132638.06401361266
968,363479.8680882738
584,237347.77884659776
1315,137927.79875966636
1606,154901.8090670396
206,147195.93509564322
1685,445528.634174351
2016,140816.92411044837
869,184733.76391100546
2135,137867.4314250981
2346,204558.29719796867
2430,217297.07848423236
2198,79479.1796894904
2652,130134.93707142063
27,140636.20692579023
241,163954.47781711654
906,180278.08213156214
1506,155109.8216192563
2098,318871.177570985
1435,240100.81629018267
2213,171858.5254448233
1274,117405.82958150492
743,23198.556320222822
1737,204194.90938371417
2797,244016.72799320807
2185,78260.49806190003
58,174203.99370322973
830,203451.89958982222
808,124568.93424523354
680,132704.9724331993
1153,73395.96341143915
1291,141635.1716062616
1818,172838.4002309834
2161,196727.1923040285
1883,106949.89835543912
350,301170.9717496855
2473,133141.52017930444
295,185887.52984363787
293,151743.3949649559
859,162732.85805331092
288,82935.84486950396
1578,153302.84421099978
102,175181.78593616106
2831,126263.82872313348
1030,152409.29048946846
2551,147132.88748949167
1286,185284.43597120565
958,347992.14901634934
776,117560.32280537562
72,264532.8748037246
2263,261878.50017729885
1866,173907.33999352885
2876,90901.3010326855
2146,207742.69639946907
103,163451.31335851262
1500,116003.01257794788
492,188540.247575766
167,153170.75310408158
2597,132435.6156183275
2685,124887.03532267731
1035,126865.41422998285
1220,94448.95131952384
2602,168548.49671796034
2159,207125.6447940027
695,109514.49221120677
1109,302685.2939361813
640,178157.69670690724
1652,170253.6842012559
2090,149406.5809775509
1188,155607.66577234166
2345,227832.66035146793
1059,391605.0464299375
2751,207450.94337256643
128,160731.25757372112
1523,184451.02805702103
2925,156390.83246907312
2145,205693.9664696614
1121,222877.3912192998
566,191459.78490947743
565,317334.89177615877
1331,131823.16942948283
2928,130997.92545070197
156,126190.8866615528
797,144477.4880987179
327,93824.04392756912
2859,151234.56010965153
1453,129736.4167575269
1762,328336.7323072696
1868,185905.97983331227
1760,174163.2010213373
1113,237023.36992784747
1812,211603.49231308268
117,152501.8671997139
1142,176214.71852574905
2342,474647.95265448885
927,207616.5266961594
2478,165173.08019798505
655,107760.60520402706
2064,147231.62071830616
369,349675.24799492187
2239,143486.44927543274
2732,231923.35816108112
1653,164708.4380140941
959,227841.398470582
2395,380320.31343907444
1412,115104.31269900783
271,246194.2701826347
1484,168944.36996752582
1497,162388.76420114643
552,158568.64037733478
2,143319.13641716607
1855,293228.8507352244
4,247855.22115375788
2292,174529.8178501237
134,158776.6456538861
646,108316.54706960531
42,359223.1473452578
532,203529.10657125543
713,117533.91380177112
2561,135644.27167841286
2360,131749.99103176233
1333,127131.13893279486
1407,152292.87697054772
2892,293097.86417229415
574,193565.52021604223
1227,162662.58435084517
2591,205641.0085648427
1476,193880.63729322428
1125,270004.1035012624
1446,161590.8760297163
408,116817.52638163624
1101,303654.9379627255
2251,218690.54403702565
373,197953.70978311735
2554,156592.07087244058
2382,263605.6182032082
1985,84482.85252525532
519,241933.88777074034
1093,185720.0487889424
864,220713.6863485694
2889,183303.19447774708
2308,165251.3144558692
986,178967.15468851087
1302,110429.55510364605
585,191916.37407495137
2708,134776.86694233486
147,146281.6537711684
1441,218277.2792406885
383,247323.03637332586
285,164682.5656397938
181,116247.78303206663
358,288215.76950278657
780,166989.21713909536
258,193977.57866029823
1865,175360.1840423889
692,106422.2888124386
2902,304900.88843014784
508,230636.2202983944
2638,137953.07768882444
36,165620.20600383938
611,164973.47470395867
2281,196390.08496700064
1678,147649.66197526373
1696,458888.04785447405
1557,64307.39081296744
2180,165564.8346282396
1726,241900.02825460583
951,166308.14558544627
267,208008.02446937957
2706,125798.74201449158
2221,237899.2461824393
1357,147231.11145744153
2901,280352.87726250035
347,172296.93530213533
2164,184678.30596404726
1586,290246.1751036297
360,169453.08811124004
1769,309283.4250834479
2617,178943.57660829602
1879,140370.23090537824
991,180884.72908628616
1535,150110.85203182136
1191,142057.98998200407
1579,235842.7434294519
1882,148592.58492142623
1510,129227.23781316294
2196,127190.66986408472
1845,193477.61704564595
2336,406440.3589022604
942,90230.17760145967
861,126479.42147531471
2555,137485.29465247568
1392,171813.8678443508
2099,225250.85746436
1543,140651.28397099604
948,263947.1555327275
1239,129417.04209197845
22,226023.06815401913
2796,196158.00728404152
2747,186264.8752438819
92,289287.7350736206
210,169159.5108889106
1858,188604.69036925043
2228,138350.141941118
447,245184.74496528038
827,215539.10748164318
1649,256605.5482766129
682,149881.64059294626
2698,88359.13716633167
494,152047.3112035392
214,106627.48992860389
2441,195959.07433663995
2679,115365.86570655793
1336,111865.39923891863
465,191430.2421278473
1524,169972.19834698734
2543,119729.96301655339
631,140306.3886793846
2452,344850.6242939161
228,184537.32627118888
126,137955.1699767835
1092,232431.27007354514
1122,235008.81009981403
932,205218.3248507775
1980,72255.72423190552
2171,126606.26308387022
551,177277.5420443552
2768,137296.57273245763
2056,117810.18447905118
1159,339240.28961741645
2645,98803.11779701029
1174,156676.66657042044
2266,224283.4963286624
2462,319174.28153701813
1219,140773.2907151263
2922,196758.03164414724
118,142273.782661775
474,183286.3443824478
2576,138005.5655489066
872,284325.45153863006
1077,223583.87362613107
1536,186478.86620675732
1150,153381.8074582243
2341,346726.58492655936
1931,164326.32864556886
2785,177137.77806830572
2538,130488.43359681049
597,191570.0153563721
464,194327.39460774572
233,244635.43827170588
2169,150302.34227209477
2123,192195.0980822247
1867,168237.45835822192
137,225685.61617600702
515,246770.84053143565
933,106503.23675142204
2784,140261.8242173601
972,153023.4945500835
599,184448.2714859413
2614,128738.85766602526
2582,192788.25865653984
1409,142886.02024812734
175,137850.44620152342
352,277075.95514432504
976,108246.99191408632
2134,186817.66063303346
984,130953.07501771927
2396,366877.15154426784
1673,131428.6745331477
404,103863.51635530047
607,156722.52990304597
814,183926.70502577166
868,184554.06525912753
2271,226207.9034214167
1633,270449.61616407614
337,151382.05647972075
2765,143098.71041900007
1746,230823.01758056978
368,346046.76198083936
2806,183708.66193750303
1662,199887.3742764
1234,195975.85942337735
1373,157630.32702055565
1672,110084.63059750125
1939,151390.97415641794
